%YAML:1.0
---
image_width: 1280
image_height: 720
multi_camera_parameters: 1

projection_parameters_front:
   k2: -1.5915775449500161e-01
   k3: -7.9149287358748280e-03
   k4: 1.3845601465445547e-02
   k5: -4.1812668205834956e-03
   mu: 4.5331748390615473e+02
   mv: 4.5365518653897664e+02
   u0: 6.3898438473747979e+02
   v0: 3.5890041617902625e+02

projection_parameters_right:
   k2: -1.5915775449500161e-01
   k3: -7.9149287358748280e-03
   k4: 1.3845601465445547e-02
   k5: -4.1812668205834956e-03
   mu: 4.5331748390615473e+02
   mv: 4.5365518653897664e+02
   u0: 6.3898438473747979e+02
   v0: 3.5890041617902625e+02

projection_parameters_back:
   k2: -1.5915775449500161e-01
   k3: -7.9149287358748280e-03
   k4: 1.3845601465445547e-02
   k5: -4.1812668205834956e-03
   mu: 4.5331748390615473e+02
   mv: 4.5365518653897664e+02
   u0: 6.3898438473747979e+02
   v0: 3.5890041617902625e+02
projection_parameters_left:
   k2: -1.5915775449500161e-01
   k3: -7.9149287358748280e-03
   k4: 1.3845601465445547e-02
   k5: -4.1812668205834956e-03
   mu: 4.5331748390615473e+02
   mv: 4.5365518653897664e+02
   u0: 6.3898438473747979e+02
   v0: 3.5890041617902625e+02
