%YAML:1.0
---
car_y: 5.5999999046325684e+00
car_x: 4.
left_right_to_front_distance: 1.5000000000000000e+00
viewrange: 12.
pix_dis: 1.9999999552965164e-02
lean_pix: 0
extend_off: 4
cut_off: 18
inner_rect: [ 262, 205, 86, 102 ]
homography_0: !!opencv-matrix
   rows: 3
   cols: 3
   dt: d
   data: [ 6.9246008460184797e+01, 5.3723531350388430e+02,
       3.0515549187887478e+02, -1.6782349375817518e-01,
       3.2660150667158837e+02, 1.0640726265995117e+02,
       -1.1552733582615767e-03, 1.7592456138121260e+00, 1. ]
rvec_0: !!opencv-matrix
   rows: 3
   cols: 1
   dt: d
   data: [ -1.0505647894530978e+00, -1.4603180460321438e-03,
       3.1919710756685858e-05 ]
tvec_0: !!opencv-matrix
   rows: 3
   cols: 1
   dt: d
   data: [ -1.0223447216868024e-01, 1.9178442123936457e+00,
       -1.9600789490277069e+00 ]
homography_1: !!opencv-matrix
   rows: 3
   cols: 3
   dt: d
   data: [ -9.0523903525410965e-01, 2.8108508821729902e+02,
       4.0488201178507069e+02, 7.0208283995961438e+01,
       2.4187908362250641e+02, 2.5286082366922034e+02,
       -1.5685546094266916e-03, 9.4226664043520780e-01, 1. ]
rvec_1: !!opencv-matrix
   rows: 3
   cols: 1
   dt: d
   data: [ -5.6508874538840692e-01, -5.8556376701967794e-01,
       -1.4990902569831368e+00 ]
tvec_1: !!opencv-matrix
   rows: 3
   cols: 1
   dt: d
   data: [ 9.9027697862239183e-01, 1.5525625354963091e+00,
       7.2328970549237290e-03 ]
homography_2: !!opencv-matrix
   rows: 3
   cols: 3
   dt: d
   data: [ -1.1139509628843726e+02, 9.3922796396964725e+02,
       3.0516161199079801e+02, 9.0119241178307385e-01,
       1.2640207100912203e+03, 5.2903129412796625e+02,
       1.9802121523279713e-03, 3.0761673602956092e+00, 1. ]
rvec_2: !!opencv-matrix
   rows: 3
   cols: 1
   dt: d
   data: [ 1.2647608731915915e-03, 1.8460188342705177e+00,
       2.5421577814813108e+00 ]
tvec_2: !!opencv-matrix
   rows: 3
   cols: 1
   dt: d
   data: [ 1.0356317550850443e-01, 1.4165219204112163e+00,
       -2.1104112347223931e+00 ]
homography_3: !!opencv-matrix
   rows: 3
   cols: 3
   dt: d
   data: [ -1.0176800892930038e-01, 3.0206409131904996e+02,
       2.0573761993108104e+02, -7.0284390189531251e+01,
       2.4803429030737496e+02, 2.5224873356010465e+02,
       -8.4974284623928406e-05, 9.8286177760518745e-01, 1. ]
rvec_3: !!opencv-matrix
   rows: 3
   cols: 1
   dt: d
   data: [ -6.0252748589450800e-01, 6.0946633585864574e-01,
       1.4872211291139803e+00 ]
tvec_3: !!opencv-matrix
   rows: 3
   cols: 1
   dt: d
   data: [ -9.7342413259901639e-01, 1.3483731431688075e+00,
       8.3549535496079880e-02 ]
