%YAML:1.0
---
car_y: 5.5999999046325684e+00
car_x: 2.2000000476837158e+00
left_right_to_front_distance: 1.5000000000000000e+00
viewrange: 12.
pix_dis: 1.9999999552965164e-02
lean_pix: 0
extend_off: 4
cut_off: 18
inner_rect: [ 263, 164, 86, 249 ]
homography_0: !!opencv-matrix
   rows: 3
   cols: 3
   dt: d
   data: [ 5.5085618810647972e+01, 5.2985805331939753e+02,
       3.0514945532099733e+02, 1.1216896206683452e-02,
       3.2079370430387218e+02, 1.2151583505644798e+02,
       3.7835105768243508e-05, 1.7363817286818550e+00, 1. ]
rvec_0: !!opencv-matrix
   rows: 3
   cols: 1
   dt: d
   data: [ -1.0475747525275121e+00, -8.8622256641831708e-05,
       -1.1435596450921448e-04 ]
tvec_0: !!opencv-matrix
   rows: 3
   cols: 1
   dt: d
   data: [ -1.0226213442220822e-01, 1.7754773501261216e+00,
       -1.9795353532787217e+00 ]
homography_1: !!opencv-matrix
   rows: 3
   cols: 3
   dt: d
   data: [ 5.1780795275489133e-01, 3.0885695656864959e+02,
       3.9555938756549131e+02, 6.2928756105187730e+01,
       2.4957947182775382e+02, 2.4821973346156773e+02,
       1.2890892251272541e-03, 1.0041700763819179e+00, 1. ]
rvec_1: !!opencv-matrix
   rows: 3
   cols: 1
   dt: d
   data: [ -6.1492300958074941e-01, -6.1381199278540388e-01,
       -1.4815664610679018e+00 ]
tvec_1: !!opencv-matrix
   rows: 3
   cols: 1
   dt: d
   data: [ 1.0286925967224900e+00, 1.3502785679436506e+00,
       -1.0729885585639046e-01 ]
homography_2: !!opencv-matrix
   rows: 3
   cols: 3
   dt: d
   data: [ -4.7951017080163815e+01, 2.4225313284995283e+02,
       3.0515023493684157e+02, -3.7793595660167011e-02,
       2.9595147472103525e+02, 4.4969340785763609e+02,
       -6.2652024581732113e-05, 7.9386606681463956e-01, 1. ]
rvec_2: !!opencv-matrix
   rows: 3
   cols: 1
   dt: d
   data: [ -2.7093868208239813e-04, 1.0319141266982166e+00,
       2.9670090987936093e+00 ]
tvec_2: !!opencv-matrix
   rows: 3
   cols: 1
   dt: d
   data: [ 1.0411292918356221e-01, 2.3473458648525316e+00,
       -8.9715143447249890e-01 ]
homography_3: !!opencv-matrix
   rows: 3
   cols: 3
   dt: d
   data: [ -3.5849302819255768e-01, 3.0371154417476600e+02,
       2.1476596634262333e+02, -6.2958228884764445e+01,
       2.4917155750175289e+02, 2.4834154428411779e+02,
       -1.5609966363469619e-03, 1.0026716165311702e+00, 1. ]
rvec_3: !!opencv-matrix
   rows: 3
   cols: 1
   dt: d
   data: [ -6.1041565705045009e-01, 6.1005308483834153e-01,
       1.4835585352943059e+00 ]
tvec_3: !!opencv-matrix
   rows: 3
   cols: 1
   dt: d
   data: [ -1.0315424059815068e+00, 1.2100994813199888e+00,
       4.5748556813726228e-02 ]
