%YAML:1.0
---
image_width: 1280
image_height: 720
multi_camera_parameters: 1

projection_parameters_front:
   k2: -5.3979074811934327e-02
   k3: -6.9774273126440006e-03
   k4: -5.9721167767228358e-04
   k5: 1.2960334902435507e-04
   mu: 4.1456763554776103e+02
   mv: 4.1493448973185883e+02
   u0: 6.0560149185168734e+02
   v0: 3.2737657324458689e+02

projection_parameters_back:
   k2: -5.0990146999060404e-02
   k3: -9.8635349613731462e-03
   k4: 9.5914317650185347e-04
   k5: -1.5841919112579033e-04
   mu: 4.1249452144047603e+02
   mv: 4.1309223503908623e+02
   u0: 6.6819048186598695e+02
   v0: 3.5754856496068010e+02

projection_parameters_left:
   k2: -5.1282889532557920e-02
   k3: -7.6445077796133201e-03
   k4: -1.1113659903109279e-03
   k5: 3.8712738654488401e-04
   mu: 4.1292718710060342e+02
   mv: 4.1447642330186790e+02
   u0: 6.5068871026670092e+02
   v0: 3.4768529491452489e+02

projection_parameters_right:
   k2: -5.2481100552139823e-02
   k3: -6.9258509916756252e-03
   k4: -4.4658378128950040e-04
   k5: 3.6541243728526132e-05
   mu: 4.1381098105270820e+02
   mv: 4.1429770880350628e+02
   u0: 6.5359071885980416e+02
   v0: 3.1283488817005008e+02
