%YAML:1.0
---
car_y: 5.5599999427795410e+00
left_right_to_front_distance: 1.4880000352859497e+00
viewrange: 12.
pix_dis: 1.9999999552965164e-02
lean_pix: 0
extend_off: 4
cut_off: 18
inner_rect: [ 238, 166, 121, 268 ]
homography_0: !!opencv-matrix
   rows: 3
   cols: 3
   dt: d
   data: [ 1.1855574772399608e+02, 1.0411240478815378e+03,
       3.0820738068069011e+02, 1.8155201480447630e+01,
       6.2419609559295316e+02, 8.3997161869911267e+01,
       7.2571743958610047e-02, 3.4240605395535235e+00, 1. ]
rvec_0: !!opencv-matrix
   rows: 3
   cols: 1
   dt: d
   data: [ -1.2794412064325527e+00, -2.4362765904695403e-02,
       -6.4662316881114720e-02 ]
tvec_0: !!opencv-matrix
   rows: 3
   cols: 1
   dt: d
   data: [ 8.3367737702107855e-02, 1.2334442036848661e+00,
       -2.2240863919958849e+00 ]
homography_1: !!opencv-matrix
   rows: 3
   cols: 3
   dt: d
   data: [ -4.3288626292534303e+01, 1.1219443607343010e+03,
       5.0490134121362138e+02, 1.3966187269615395e+02,
       8.3963514037347022e+02, 2.5584931533634727e+02,
       -1.0162757377895647e-01, 3.3729762238855447e+00, 1. ]
rvec_1: !!opencv-matrix
   rows: 3
   cols: 1
   dt: d
   data: [ -9.4282378538463618e-01, -1.0313305197288984e+00,
       -1.3586830569776438e+00 ]
tvec_1: !!opencv-matrix
   rows: 3
   cols: 1
   dt: d
   data: [ 1.0502449231131585e+00, 1.1956874305759704e+00,
       -5.6627316256789284e-01 ]
homography_2: !!opencv-matrix
   rows: 3
   cols: 3
   dt: d
   data: [ -3.5926002629428027e+01, 5.2475337101373464e+02,
       2.9297244200480651e+02, 2.2199976688696623e+01,
       7.3298369905435629e+02, 4.7475138705938025e+02,
       5.8136018928279465e-02, 1.7733245921261309e+00, 1. ]
rvec_2: !!opencv-matrix
   rows: 3
   cols: 1
   dt: d
   data: [ 1.1850796347595810e-03, 1.5546085461547339e+00,
       2.6640350412225837e+00 ]
tvec_2: !!opencv-matrix
   rows: 3
   cols: 1
   dt: d
   data: [ 2.7916356956521220e-02, 1.7209325492643173e+00,
       -1.9767908407677846e+00 ]
homography_3: !!opencv-matrix
   rows: 3
   cols: 3
   dt: d
   data: [ 4.8214791829742580e+01, 6.9989233658054525e+02,
       1.3025089997033206e+02, -7.2829787563389672e+01,
       6.5613410658473799e+02, 2.5956411817325545e+02,
       2.2117051171644786e-01, 2.6018805033420347e+00, 1. ]
rvec_3: !!opencv-matrix
   rows: 3
   cols: 1
   dt: d
   data: [ -8.4359224320550852e-01, 1.0073208420778892e+00,
       1.3628425508950239e+00 ]
tvec_3: !!opencv-matrix
   rows: 3
   cols: 1
   dt: d
   data: [ -9.8377361459102253e-01, 1.2846844355584217e+00,
       -4.9625656352710767e-01 ]
