%YAML:1.0
---
image_width: 1280
image_height: 720
multi_camera_parameters: 1

projection_parameters_front:
   k2: -4.9674775013557201e-02
   k3: -9.1546754286761702e-03
   k4: 1.2610939139363626e-04
   k5: 1.2619828778332875e-05
   mu: 4.1313977157823280e+02
   mv: 4.1423402430947573e+02
   u0: 6.3068969562107213e+02
   v0: 3.5541128520716956e+02

projection_parameters_back:
   k2: -5.8836140715749184e-02
   k3: -2.1286250505194930e-03
   k4: -2.7449431581115847e-03
   k5: 5.1442999097943984e-04
   mu: 4.1476357957954315e+02
   mv: 4.1520074990130695e+02
   u0: 6.6754292984435301e+02
   v0: 3.5759632429039317e+02

projection_parameters_left:
   k2: -5.8165333922176397e-02
   k3: -3.7488570835110413e-05
   k4: -4.2546062316898862e-03
   k5: 8.0207104549670841e-04
   mu: 4.1566616267055235e+02
   mv: 4.1579105274530230e+02
   u0: 6.5790205754322380e+02
   v0: 3.1559525724837351e+02

projection_parameters_right:
   k2: -4.3002812458620303e-02
   k3: -1.3892915692484985e-02
   k4: 1.4642815378312884e-03
   k5: -1.1161377471225883e-04
   mu: 4.1111974225096452e+02
   mv: 4.1223163130706610e+02
   u0: 6.4369188459511213e+02
   v0: 3.3658574122103028e+02
