%YAML:1.0
---
car_y: 5.3909997940063477e+00
car_x: 2.2000000476837158e+00
left_right_to_front_distance: 1.4880000352859497e+00
viewrange: 12.
pix_dis: 1.9999999552965164e-02
lean_pix: 0
extend_off: 4
cut_off: 18
inner_rect: [ 250, 169, 98, 244 ]
homography_0: !!opencv-matrix
   rows: 3
   cols: 3
   dt: d
   data: [ 6.3479951387811631e+01, 4.1756086219015384e+02,
       2.9856389823813873e+02, 1.1252382246973102e+01,
       2.6663323285923383e+02, 1.3338334149023748e+02,
       5.7301743117573231e-02, 1.4077320951572487e+00, 1. ]
rvec_0: !!opencv-matrix
   rows: 3
   cols: 1
   dt: d
   data: [ -9.4709126014077372e-01, 1.3522372319730001e-02,
       -4.6716491718986314e-02 ]
tvec_0: !!opencv-matrix
   rows: 3
   cols: 1
   dt: d
   data: [ 1.4305908655324667e-01, 1.9398419012828971e+00,
       -1.7813949794828352e+00 ]
homography_1: !!opencv-matrix
   rows: 3
   cols: 3
   dt: d
   data: [ -8.7669320831154053e+01, 4.5768466818291330e+02,
       4.1256836054910559e+02, 1.9858158619171387e+01,
       3.6043375796328320e+02, 2.5378430920730145e+02,
       -2.4138334386100024e-01, 1.4478170285131875e+00, 1. ]
rvec_1: !!opencv-matrix
   rows: 3
   cols: 1
   dt: d
   data: [ -6.2719809010353433e-01, -8.5832874188466335e-01,
       -1.4151411936840104e+00 ]
tvec_1: !!opencv-matrix
   rows: 3
   cols: 1
   dt: d
   data: [ 1.0118082761903993e+00, 1.3753490672869284e+00,
       -1.3914227375170071e-01 ]
homography_2: !!opencv-matrix
   rows: 3
   cols: 3
   dt: d
   data: [ -4.7606463538996920e+01, 4.6985106924371217e+02,
       3.0265941242245316e+02, -1.3631342169364276e+00,
       6.3375339912079073e+02, 4.6176812974521243e+02,
       -5.8114266843780982e-03, 1.5584167566931038e+00, 1. ]
rvec_2: !!opencv-matrix
   rows: 3
   cols: 1
   dt: d
   data: [ -1.4479648523038461e-02, -1.5027017958159989e+00,
       -2.7339589523110814e+00 ]
tvec_2: !!opencv-matrix
   rows: 3
   cols: 1
   dt: d
   data: [ -2.3908528331695586e-02, 1.7425384571792215e+00,
       -1.8175482166602668e+00 ]
homography_3: !!opencv-matrix
   rows: 3
   cols: 3
   dt: d
   data: [ 4.0983491212986671e+01, 5.0106240055060834e+02,
       1.6909037887233046e+02, -4.8820188855017641e+01,
       4.5120309797259796e+02, 2.5243722200141497e+02,
       1.8143962184386034e-01, 1.8121462913385815e+00, 1. ]
rvec_3: !!opencv-matrix
   rows: 3
   cols: 1
   dt: d
   data: [ -7.3770640345829663e-01, 9.0476806509833174e-01,
       1.4033958630590335e+00 ]
tvec_3: !!opencv-matrix
   rows: 3
   cols: 1
   dt: d
   data: [ -1.0495965471240500e+00, 1.3384808709891742e+00,
       -3.0888818393298650e-01 ]
