%YAML:1.0
---
image_width: 1280
image_height: 720
multi_camera_parameters: 1

projection_parameters_front:
   k2: -4.7289262826006047e-02
   k3: -1.1024914845845229e-02
   k4: 1.1118452483015431e-03
   k5: -1.4831896331370082e-04
   mu: 4.1210951577963186e+02
   mv: 4.1200632903842620e+02
   u0: 6.1109017919719429e+02
   v0: 3.7377114264458390e+02

projection_parameters_back:
   k2: -5.0683627834606074e-02
   k3: -9.2530220625124879e-03
   k4: 5.4451776835142199e-04
   k5: -8.3100945448414911e-05
   mu: 4.1185480580431079e+02
   mv: 4.1161575664844179e+02
   u0: 6.4614882024599217e+02
   v0: 3.4096144320083891e+02

projection_parameters_left:
   k2: -4.8809723132362745e-02
   k3: -9.9183884954332918e-03
   k4: 7.8979315935332297e-04
   k5: -1.4522346421656595e-04
   mu: 4.1339880192846255e+02
   mv: 4.1338764908650649e+02
   u0: 6.8390528620691146e+02
   v0: 3.2619309120102827e+02

projection_parameters_right:
   k2: -5.0606856618013125e-02
   k3: -8.6840026024072540e-03
   k4: 2.8870786067037695e-04
   k5: -5.5816170264764611e-05
   mu: 4.1267757706573707e+02
   mv: 4.1244211986379554e+02
   u0: 6.3800951386607323e+02
   v0: 3.3657098288377330e+02
