%YAML:1.0
---
car_y: 5.4239997863769531e+00
car_x: 2.2019999027252197e+00
left_right_to_front_distance: 1.5169999599456787e+00
viewrange: 12.
pix_dis: 1.9999999552965164e-02
lean_pix: 0
extend_off: 4
cut_off: 18
inner_rect: [ 244, 165, 112, 253 ]
homography_0: !!opencv-matrix
   rows: 3
   cols: 3
   dt: d
   data: [ 7.2087574128613213e+01, 5.9639440766629104e+02,
       3.0588140474172076e+02, 1.8871785465606641e+00,
       3.6914186800903815e+02, 1.0963118577098891e+02,
       4.5002639958955414e-03, 1.9548846352254756e+00, 1. ]
rvec_0: !!opencv-matrix
   rows: 3
   cols: 1
   dt: d
   data: [ -1.0935747269759470e+00, -9.3348906919734805e-03,
       -1.5622015349512627e-02 ]
tvec_0: !!opencv-matrix
   rows: 3
   cols: 1
   dt: d
   data: [ -5.4798003925684319e-02, 1.7437066012149656e+00,
       -1.9661479953329253e+00 ]
homography_1: !!opencv-matrix
   rows: 3
   cols: 3
   dt: d
   data: [ -4.1617107814774194e+01, 7.2045379528060130e+02,
       4.4850609276411546e+02, 7.9481106711163207e+01,
       5.4446576979605845e+02, 2.4287400066135754e+02,
       -1.2829995443808062e-01, 2.2088555958510305e+00, 1. ]
rvec_1: !!opencv-matrix
   rows: 3
   cols: 1
   dt: d
   data: [ -8.4143001964492858e-01, -8.9407690157180519e-01,
       -1.3363988632090840e+00 ]
tvec_1: !!opencv-matrix
   rows: 3
   cols: 1
   dt: d
   data: [ 1.0601005883217411e+00, 1.3163505722977815e+00,
       -4.6798613530659677e-01 ]
homography_2: !!opencv-matrix
   rows: 3
   cols: 3
   dt: d
   data: [ -5.0555407506630601e+01, 3.4593636608060717e+02,
       3.0212850666573985e+02, 2.7372069126644623e+00,
       4.5628602360255832e+02, 4.5778074025274628e+02,
       -2.4319249589348992e-03, 1.1639237756092451e+00, 1. ]
rvec_2: !!opencv-matrix
   rows: 3
   cols: 1
   dt: d
   data: [ -4.7302667964218656e-02, -1.2802710510236703e+00,
       -2.7924508067933687e+00 ]
tvec_2: !!opencv-matrix
   rows: 3
   cols: 1
   dt: d
   data: [ -1.9790516138290548e-01, 2.0632738006496036e+00,
       -1.3953811218491876e+00 ]
homography_3: !!opencv-matrix
   rows: 3
   cols: 3
   dt: d
   data: [ -1.3121823423390330e+01, 5.7643010974356127e+02,
       1.5467496288929493e+02, -1.1994563947915090e+02,
       5.1015555091447408e+02, 2.3777237293688825e+02,
       -6.4056959093129667e-02, 2.1227268486229667e+00, 1. ]
rvec_3: !!opencv-matrix
   rows: 3
   cols: 1
   dt: d
   data: [ -8.7330309669815420e-01, 8.1150413556715872e-01,
       1.3947279421161833e+00 ]
tvec_3: !!opencv-matrix
   rows: 3
   cols: 1
   dt: d
   data: [ -1.1791623370177202e+00, 1.2777059404305680e+00,
       -5.1530469769216836e-01 ]
