%YAML:1.0
---
image_width: 1280
image_height: 720
undistort_image_width: 2560
undistort_image_height: 1440
image_viewrange: 12.
car_x: 2.1890000000000001e+00
car_y: 5.1509999999999998e+00
homography_0: !!opencv-matrix
   rows: 3
   cols: 3
   dt: d
   data: [ 1.9411722621471081e+00, -7.0665880068135802e+00,
       8.1090615457400884e+02, 1.6948715043096138e-01,
       -3.1787622657317054e+00, 6.3960710101416782e+02,
       2.5102786008623598e-04, -5.4596028770516180e-03, 1. ]
rvec_0: !!opencv-matrix
   rows: 3
   cols: 1
   dt: d
   data: [ 1.5098315411109378e+00, -1.5582972880433330e+00,
       1.0018453217807519e+00 ]
tvec_0: !!opencv-matrix
   rows: 3
   cols: 1
   dt: d
   data: [ 1.0005393114448841e-01, 1.6763073384074973e+00,
       -1.8611571504138718e+00 ]
homography_1: !!opencv-matrix
   rows: 3
   cols: 3
   dt: d
   data: [ -4.0629656207553264e+00, -2.7130953522513795e-01,
       1.3679369716108974e+03, -2.1091616406690759e+00,
       -4.9270491951133921e-02, 6.7415322841942191e+02,
       -3.0985368211859628e-03, -3.5157933857421103e-05, 1. ]
rvec_1: !!opencv-matrix
   rows: 3
   cols: 1
   dt: d
   data: [ -1.3123745031537432e-01, 2.6388938746382156e+00,
       -1.5807376706862375e+00 ]
tvec_1: !!opencv-matrix
   rows: 3
   cols: 1
   dt: d
   data: [ 9.4405330796024356e-01, 1.4252634398232551e+00,
       -3.3995388899606616e-01 ]
homography_2: !!opencv-matrix
   rows: 3
   cols: 3
   dt: d
   data: [ -1.6255312172595432e-01, -2.8536550445586011e+00,
       1.2060351495359089e+03, -2.1954362811171307e-01,
       -1.5213177437810423e+00, 6.7538601986623053e+02,
       -3.0547573909986051e-04, -2.2389458653387065e-03, 1. ]
rvec_2: !!opencv-matrix
   rows: 3
   cols: 1
   dt: d
   data: [ 1.4693792491071018e+00, 1.5971111600060626e+00,
       -1.0914091388237996e+00 ]
tvec_2: !!opencv-matrix
   rows: 3
   cols: 1
   dt: d
   data: [ -1.9874327573243036e-01, 1.5372721806173408e+00,
       -1.9185236653583482e+00 ]
homography_3: !!opencv-matrix
   rows: 3
   cols: 3
   dt: d
   data: [ -4.6116033111476105e+00, -3.3773970785923668e-01,
       1.3764995143957199e+03, -2.3833233616803806e+00,
       -7.0667981335821757e-03, 6.9158897227229204e+02,
       -3.5788653316837864e-03, 1.9123526159674064e-05, 1. ]
rvec_3: !!opencv-matrix
   rows: 3
   cols: 1
   dt: d
   data: [ 2.0783319171572714e+00, 6.1853155372185484e-02,
       2.9875250316566678e-02 ]
tvec_3: !!opencv-matrix
   rows: 3
   cols: 1
   dt: d
   data: [ -1.1593325925047115e+00, 1.2844313732475350e+00,
       -3.3493319447114789e-01 ]
