%YAML:1.0
---
image_width: 1280
image_height: 720
multi_camera_parameters: 1
projection_parameters_front:
   k2: -5.3150216426935397e-02
   k3: -5.0455980437544116e-03
   k4: -1.6579346185414939e-03
   k5: 2.9345409070217549e-04
   mu: 4.1470088339955873e+02
   mv: 4.1507655044711856e+02
   u0: 6.6299275683134954e+02
   v0: 3.4811686638057381e+02

projection_parameters_right:
   k2: -5.0519128725052792e-02
   k3: -9.3380536055602276e-03
   k4: 3.8870597795374819e-04
   k5: -3.0285919719377570e-05
   mu: 4.1394993914604345e+02
   mv: 4.1489518454584208e+02
   u0: 6.4797116589935467e+02
   v0: 3.3511298404475792e+02

projection_parameters_back:
   k2: -4.8104151635435959e-02
   k3: -1.1158796482531553e-02
   k4: 1.5184805074348877e-03
   k5: -2.9436367536598239e-04
   mu: 4.1244330249515832e+02
   mv: 4.1327242285869443e+02
   u0: 6.3786550999291489e+02
   v0: 3.6304219204254724e+02

projection_parameters_left:
   k2: -5.4370678878268998e-02
   k3: -2.8857067962562758e-03
   k4: -2.8951482369480360e-03
   k5: 4.9830830229497837e-04
   mu: 4.1388434887585254e+02
   mv: 4.1477205204559112e+02
   u0: 6.6174671372843375e+02
   v0: 3.3855811384276097e+02


