%YAML:1.0
---
image_width: 1280
image_height: 720
multi_camera_parameters: 1

projection_parameters_front:
   k2: -4.9674775013557201e-02
   k3: -9.1546754286761702e-03
   k4: 1.2610939139363626e-04
   k5: 1.2619828778332875e-05
   mu: 4.1313977157823280e+02
   mv: 4.1423402430947573e+02
   u0: 6.3068969562107213e+02
   v0: 3.5541128520716956e+02

projection_parameters_back:
   k2: -4.8641037797976835e-02
   k3: -1.0489855638430924e-02
   k4: 1.6154031143230986e-03
   k5: -4.4834286582902481e-04
   mu: 4.1380357334847463e+02
   mv: 4.1374653995772564e+02
   u0: 6.6970273175140687e+02
   v0: 3.5077712490359278e+02

projection_parameters_left:
   k2: -4.9003056405056956e-02
   k3: -7.8240146709010697e-03
   k4: -7.9798234193465846e-04
   k5: 1.7911200985020186e-04
   mu: 4.1434294426861260e+02
   mv: 4.1444870265013043e+02
   u0: 6.1946598956735352e+02
   v0: 3.3059160527025216e+02

projection_parameters_right:
   k2: -5.8165333922176397e-02
   k3: -3.7488570835110413e-05
   k4: -4.2546062316898862e-03
   k5: 8.0207104549670841e-04
   mu: 4.1566616267055235e+02
   mv: 4.1579105274530230e+02
   u0: 6.5790205754322380e+02
   v0: 3.1559525724837351e+02
