%YAML:1.0
---
car_y: 5.1339998245239258e+00
left_right_to_front_distance: 1.5149999856948853e+00
viewrange: 12.
pix_dis: 1.9999999552965164e-02
lean_pix: 0
extend_off: 4
cut_off: 18
homography_0: !!opencv-matrix
   rows: 3
   cols: 3
   dt: d
   data: [ 5.0057744024458877e+01, 4.3228117320638819e+02,
       3.0371300517507694e+02, 4.2744134624757013e+00,
       2.7472487620476909e+02, 1.3384063754989279e+02,
       9.8111095963354638e-03, 1.4348641674664613e+00, 1. ]
rvec_0: !!opencv-matrix
   rows: 3
   cols: 1
   dt: d
   data: [ .Nan, .Nan, .Nan ]
tvec_0: !!opencv-matrix
   rows: 3
   cols: 1
   dt: d
   data: [ .Nan, .Nan, .Nan ]
homography_1: !!opencv-matrix
   rows: 3
   cols: 3
   dt: d
   data: [ 4.2846806142701659e+01, 5.1221583708979006e+02,
       4.1793551397369799e+02, 1.0620139836726007e+02,
       3.9240254472172501e+02, 2.3982307235403408e+02,
       1.0481288522110527e-01, 1.5911033580861060e+00, 1. ]
rvec_1: !!opencv-matrix
   rows: 3
   cols: 1
   dt: d
   data: [ -1.0658952433512801e+00, -1.0367589521503218e+00,
       -1.2292103788838771e+00 ]
tvec_1: !!opencv-matrix
   rows: 3
   cols: 1
   dt: d
   data: [ 1.3983933416999359e+00, 7.7387807566548816e-01,
       -3.1657774322663629e-01 ]
homography_2: !!opencv-matrix
   rows: 3
   cols: 3
   dt: d
   data: [ -1.2014104523910014e+02, 4.0567939638585119e+02,
       2.9720679183238059e+02, -8.7166397825433194e+01,
       5.4105011864690596e+02, 4.7217806630186527e+02,
       -2.0338055610227260e-01, 1.3588995686298677e+00, 1. ]
rvec_2: !!opencv-matrix
   rows: 3
   cols: 1
   dt: d
   data: [ .Nan, .Nan, .Nan ]
tvec_2: !!opencv-matrix
   rows: 3
   cols: 1
   dt: d
   data: [ .Nan, .Nan, .Nan ]
homography_3: !!opencv-matrix
   rows: 3
   cols: 3
   dt: d
   data: [ -1.0391452807071826e+00, 4.4228928279790159e+02,
       1.8508682115959246e+02, -8.2737384702787040e+01,
       3.8898087797869101e+02, 2.4570888509724460e+02,
       -8.0212235944177000e-03, 1.5728075590779180e+00, 1. ]
rvec_3: !!opencv-matrix
   rows: 3
   cols: 1
   dt: d
   data: [ -9.2611801887538625e-01, 1.2002313165631369e+00,
       1.3505940491815778e+00 ]
tvec_3: !!opencv-matrix
   rows: 3
   cols: 1
   dt: d
   data: [ -1.3750936241322143e+00, 7.9238632643482154e-01,
       3.9394851013049327e-02 ]
