%YAML:1.0
---
image_width: 1280
image_height: 720
multi_camera_parameters: 1

projection_parameters_front:
   k2: -5.1400272269125510e-02
   k3: -3.2259467576547791e-03
   k4: -3.6751438071349228e-03
   k5: 8.2646564352203500e-04
   mu: 4.1148948901310450e+02
   mv: 4.1293196772464387e+02
   u0: 6.3812115373279926e+02
   v0: 3.4389407649068386e+02

projection_parameters_back:
   k2: -4.9368339416302399e-02
   k3: -9.6352648324200141e-03
   k4: 7.5634088332354754e-04
   k5: -1.7110808488353361e-04
   mu: 4.1358957340152904e+02
   mv: 4.1374350983055024e+02
   u0: 6.4478667147345868e+02
   v0: 3.5627787203260522e+02

projection_parameters_left:
   k2: -5.1706897532289485e-02
   k3: -5.6199863300962936e-03
   k4: -2.0206986800951447e-03
   k5: 4.4711449434263099e-04
   mu: 4.1294580753144822e+02
   mv: 4.1245301459058317e+02
   u0: 6.7922207944222089e+02
   v0: 3.4371129065846895e+02

projection_parameters_right:
   k2: -5.0400445249928781e-02
   k3: -7.4103984149496340e-03
   k4: -6.1907881494942967e-04
   k5: 1.0832115298948535e-04
   mu: 4.1340873591966101e+02
   mv: 4.1480912820119096e+02
   u0: 6.6397891402912785e+02
   v0: 3.3915933607179653e+02
