%YAML:1.0
---
car_y: 5.1339998245239258e+00
left_right_to_front_distance: 1.5149999856948853e+00
viewrange: 12.
pix_dis: 1.9999999552965164e-02
lean_pix: 0
extend_off: 4
cut_off: 18
inner_rect: [ 251, 172, 102, 254 ]
homography_0: !!opencv-matrix
   rows: 3
   cols: 3
   dt: d
   data: [ 5.0057743835238448e+01, 4.3228117147233553e+02,
       3.0371300520009760e+02, 4.2744134509899840e+00,
       2.7472487570555563e+02, 1.3384063748878452e+02,
       9.8111091849057124e-03, 1.4348641623581320e+00, 1. ]
rvec_0: !!opencv-matrix
   rows: 3
   cols: 1
   dt: d
   data: [ .Nan, .Nan, .Nan ]
tvec_0: !!opencv-matrix
   rows: 3
   cols: 1
   dt: d
   data: [ .Nan, .Nan, .Nan ]
homography_1: !!opencv-matrix
   rows: 3
   cols: 3
   dt: d
   data: [ 3.9607405019381623e+01, 5.1790417612286660e+02,
       4.1784597351542141e+02, 1.0442830259645163e+02,
       3.9522878134898815e+02, 2.3937174428532845e+02,
       9.6388275655001521e-02, 1.6056133866714177e+00, 1. ]
rvec_1: !!opencv-matrix
   rows: 3
   cols: 1
   dt: d
   data: [ -1.0646124328286284e+00, -1.0371647811676192e+00,
       -1.2295425081549860e+00 ]
tvec_1: !!opencv-matrix
   rows: 3
   cols: 1
   dt: d
   data: [ 1.3999500814867396e+00, 7.7544287575503734e-01,
       -3.1544946618306213e-01 ]
homography_2: !!opencv-matrix
   rows: 3
   cols: 3
   dt: d
   data: [ -1.2014104520970005e+02, 4.0567939632332900e+02,
       2.9720679175642744e+02, -8.7166397786368620e+01,
       5.4105011788750176e+02, 4.7217806635220336e+02,
       -2.0338055602420368e-01, 1.3588995673775350e+00, 1. ]
rvec_2: !!opencv-matrix
   rows: 3
   cols: 1
   dt: d
   data: [ .Nan, .Nan, .Nan ]
tvec_2: !!opencv-matrix
   rows: 3
   cols: 1
   dt: d
   data: [ .Nan, .Nan, .Nan ]
homography_3: !!opencv-matrix
   rows: 3
   cols: 3
   dt: d
   data: [ 8.2437953709592882e-01, 4.4715934413190610e+02,
       1.8509945247066702e+02, -8.1144589642277992e+01,
       3.9360086302915488e+02, 2.4531803011266047e+02,
       3.5593688595799539e-04, 1.5945926370777455e+00, 1. ]
rvec_3: !!opencv-matrix
   rows: 3
   cols: 1
   dt: d
   data: [ -9.2476151539138274e-01, 1.2007613325295701e+00,
       1.3507470394582461e+00 ]
tvec_3: !!opencv-matrix
   rows: 3
   cols: 1
   dt: d
   data: [ -1.3764019145406188e+00, 7.9401615245210810e-01,
       4.0889083177434588e-02 ]
