%YAML:1.0
---
car_y: 5.4239997863769531e+00
car_x: 2.2049999237060547e+00
left_right_to_front_distance: 1.5169999599456787e+00
viewrange: 12.
pix_dis: 1.9999999552965164e-02
lean_pix: 0
extend_off: 4
cut_off: 18
inner_rect: [ 244, 168, 106, 262 ]
homography_0: !!opencv-matrix
   rows: 3
   cols: 3
   dt: d
   data: [ 7.3239564515080446e+01, 6.6651797572272517e+02,
       3.0200865849854483e+02, -3.3327601315019617e-01,
       4.1866127623567291e+02, 1.0848743199040190e+02,
       -2.4535482712368419e-03, 2.2094878267653049e+00, 1. ]
rvec_0: !!opencv-matrix
   rows: 3
   cols: 1
   dt: d
   data: [ -1.1406453100096883e+00, -3.4163455741446540e-03,
       -1.1294281795991327e-03 ]
tvec_0: !!opencv-matrix
   rows: 3
   cols: 1
   dt: d
   data: [ -2.7417992664525381e-02, 1.5907915163982302e+00,
       -1.9995849961407466e+00 ]
homography_1: !!opencv-matrix
   rows: 3
   cols: 3
   dt: d
   data: [ -3.0828510529271149e+00, 7.0618246018088200e+02,
       4.3617668329173961e+02, 9.5053139258464682e+01,
       5.4008301388747293e+02, 2.4460427578876559e+02,
       -2.1416212035721006e-02, 2.1703474106022180e+00, 1. ]
rvec_1: !!opencv-matrix
   rows: 3
   cols: 1
   dt: d
   data: [ -8.7558200410676901e-01, -8.5327178479543175e-01,
       -1.3500835022016207e+00 ]
tvec_1: !!opencv-matrix
   rows: 3
   cols: 1
   dt: d
   data: [ 1.0061702896981362e+00, 1.1994830353882151e+00,
       -4.7931115411443131e-01 ]
homography_2: !!opencv-matrix
   rows: 3
   cols: 3
   dt: d
   data: [ -8.3783607159608223e+01, 8.7861362623648347e+02,
       2.9555048445222826e+02, -2.0227204273039892e+01,
       1.2210233574727229e+03, 4.8946216861588704e+02,
       -4.3311028365341724e-02, 2.9506150351770533e+00, 1. ]
rvec_2: !!opencv-matrix
   rows: 3
   cols: 1
   dt: d
   data: [ -3.9525659852285934e-02, 1.8214721446414155e+00,
       2.5432823740789736e+00 ]
tvec_2: !!opencv-matrix
   rows: 3
   cols: 1
   dt: d
   data: [ 8.5163170152467993e-03, 1.2208442742281385e+00,
       -2.1730108394198377e+00 ]
homography_3: !!opencv-matrix
   rows: 3
   cols: 3
   dt: d
   data: [ -3.0767731777202232e+00, 6.2272997461102682e+02,
       1.5425336795410703e+02, -1.1262273643774415e+02,
       5.7147703740912607e+02, 2.4148692125749253e+02,
       -3.1256903015692512e-02, 2.3107723644390723e+00, 1. ]
rvec_3: !!opencv-matrix
   rows: 3
   cols: 1
   dt: d
   data: [ -9.0486969676975881e-01, 8.4817459519782645e-01,
       1.3553843255358939e+00 ]
tvec_3: !!opencv-matrix
   rows: 3
   cols: 1
   dt: d
   data: [ -1.0403075481904547e+00, 1.2013674278683897e+00,
       -5.7609454059269138e-01 ]
