%YAML:1.0
---
car_y: 5.5999999046325684e+00
car_x: 4.
left_right_to_front_distance: 1.5000000000000000e+00
viewrange: 12.
pix_dis: 1.9999999552965164e-02
lean_pix: 0
extend_off: 4
cut_off: 18
inner_rect: [ 263, 164, 86, 249 ]
homography_0: !!opencv-matrix
   rows: 3
   cols: 3
   dt: d
   data: [ 5.5043151503924136e+01, 5.2970818254534481e+02,
       3.0515175463421997e+02, -1.9283894150780113e-02,
       3.2071893457312609e+02, 1.2155024036234174e+02,
       -1.0332887596611857e-04, 1.7359704478661453e+00, 1. ]
rvec_0: !!opencv-matrix
   rows: 3
   cols: 1
   dt: d
   data: [ -1.0474295050243909e+00, -8.7157440382999645e-05,
       -3.0405822017974344e-05 ]
tvec_0: !!opencv-matrix
   rows: 3
   cols: 1
   dt: d
   data: [ -1.0264851886085712e-01, 1.7759578124114701e+00,
       -1.9777355548522941e+00 ]
homography_1: !!opencv-matrix
   rows: 3
   cols: 3
   dt: d
   data: [ 2.2872881633052727e-01, 3.0724112093322310e+02,
       3.9558278471914116e+02, 6.2639451696161323e+01,
       2.4754646251311857e+02, 2.4814595843653063e+02,
       5.2699024353560311e-04, 9.9880397699979817e-01, 1. ]
rvec_1: !!opencv-matrix
   rows: 3
   cols: 1
   dt: d
   data: [ -6.1486372687212920e-01, -6.1457680316270924e-01,
       -1.4814595831621289e+00 ]
tvec_1: !!opencv-matrix
   rows: 3
   cols: 1
   dt: d
   data: [ 1.0301916952908852e+00, 1.3504424269172275e+00,
       -1.0863994640378276e-01 ]
homography_2: !!opencv-matrix
   rows: 3
   cols: 3
   dt: d
   data: [ -4.7930601919213260e+01, 2.4266261595569989e+02,
       3.0514475726055241e+02, -4.9051102120368506e-02,
       2.9661135987781114e+02, 4.4970860582023926e+02,
       -1.0308545037013392e-04, 7.9527636469875851e-01, 1. ]
rvec_2: !!opencv-matrix
   rows: 3
   cols: 1
   dt: d
   data: [ 2.1095247470860520e-04, -1.0333326173504529e+00,
       -2.9668994293451405e+00 ]
tvec_2: !!opencv-matrix
   rows: 3
   cols: 1
   dt: d
   data: [ 1.0346792103880567e-01, 2.3460657024207272e+00,
       -9.0083440121241232e-01 ]
homography_3: !!opencv-matrix
   rows: 3
   cols: 3
   dt: d
   data: [ -1.3779427567525609e-01, 3.0220770202215533e+02,
       2.1476822485516456e+02, -6.2661070693631629e+01,
       2.4666024077960409e+02, 2.4810997522149663e+02,
       -6.0875688037660062e-04, 9.9650396151894471e-01, 1. ]
rvec_3: !!opencv-matrix
   rows: 3
   cols: 1
   dt: d
   data: [ -6.1167256025748085e-01, 6.1186706418545922e-01,
       1.4832906235121699e+00 ]
tvec_3: !!opencv-matrix
   rows: 3
   cols: 1
   dt: d
   data: [ -1.0324595517140187e+00, 1.2093969044000121e+00,
       4.4033548368493221e-02 ]
